0.00766555976174
0.00415756579273
0.0071595277078
0.0058096378473
0
0.0171799653246
0.00686679739827
0.0133194543262
0.01722437013
0.0137707296415
0.0165157974712
0
0.00207662157891
0.0462102165782
0
0.0110347793046
0.0457235796031
0.00171995862938
0.00515915032843
0.0305913202435
0
0.0100003326023
0.00984001995341
0.005865729727
0.042496044695
0.0108929939265
0.0116443969567
0.0165358755765
0.00269011201044
0.0143709901941
0.00170019394916
0.0410546590554
0
0.0121923820417
0.0109196401357
0.00736343009127
0.0199526138365
0.0307895760103
0.0204939697339
0.0286296960542
0.00386097794054
0.00533171058134
0.00196071921139
0.00286588456077
0.0456193511483
0.00380359758511
0
0.0353808640231
0.0131731903611
0.00999648752204
0.00269011201044
0.0375803832384
0.0314708852554
0.00584119201786
0.0114789242846
0.0117981753775
0.00532351477643
0.00286366762402
0.059582496609
0.0107163555046
0.0234188547553
0.0166390993964
0
0.0134703931442
0.0191382225688
0.0163181654694
0.0175629934958
0.0468292409106
0.0
0.00377681552807
0.00908711146227
0.0250585799658
0.00530517312385
0.0297404061232
0.0358048808269
0.0215672022289
0.028711470024
0.0128213389164
0.0149106248376
0
0.0145035711765
0.0408941219262
0
0.00808735433207
0.0141547811875
0.0110391815307
0.0257120630731
0
0.00794297957606
0.0082563316845
0.0451412311116
0.00367874424189
0.0148306074834
0.0344688731824
0.0124796695354
0.0298597334985
0.00381328651279
0.00363962207908
0.00160829157353
0.015257011786
0
0.0212788345353
